# unix_time, cycles_done, cur_path, paths_total, pending_total, pending_favs, map_size, unique_crashes, unique_hangs, max_depth, execs_per_sec
1536100720, 0, 0, 1, 1, 1, 0.01%, 0, 0, 1, 266.67
1536100725, 0, 2, 4, 2, 2, 0.02%, 0, 0, 3, 748.31
1536100730, 1, 1, 5, 0, 0, 0.02%, 0, 0, 4, 847.93
1536100735, 2, 4, 5, 0, 0, 0.02%, 0, 0, 4, 840.95
1536100740, 4, 2, 5, 0, 0, 0.02%, 0, 0, 4, 875.48
1536100745, 5, 4, 5, 0, 0, 0.02%, 0, 0, 4, 868.96
1536100750, 7, 1, 5, 0, 0, 0.02%, 0, 0, 4, 869.55
1536100755, 8, 4, 5, 0, 0, 0.02%, 0, 0, 4, 865.23
1536100761, 10, 2, 5, 0, 0, 0.02%, 0, 0, 4, 867.86
1536100766, 11, 3, 5, 0, 0, 0.02%, 0, 0, 4, 835.15
1536100771, 12, 4, 5, 0, 0, 0.02%, 0, 0, 4, 837.64
1536100776, 14, 1, 5, 0, 0, 0.02%, 0, 0, 4, 851.34
1536100781, 15, 4, 5, 0, 0, 0.02%, 0, 0, 4, 867.45
1536100786, 16, 4, 5, 0, 0, 0.02%, 0, 0, 4, 844.72
1536100791, 18, 2, 5, 0, 0, 0.02%, 0, 0, 4, 859.78
1536100797, 19, 4, 5, 0, 0, 0.02%, 0, 0, 4, 862.38
1536100802, 21, 1, 5, 0, 0, 0.02%, 0, 0, 4, 865.61
1536100807, 22, 3, 5, 0, 0, 0.02%, 0, 0, 4, 865.40
1536100812, 24, 0, 5, 0, 0, 0.02%, 0, 0, 4, 869.46
1536100817, 25, 2, 5, 0, 0, 0.02%, 0, 0, 4, 868.62
1536100822, 26, 4, 5, 0, 0, 0.02%, 0, 0, 4, 868.32
1536100827, 28, 2, 5, 0, 0, 0.02%, 0, 0, 4, 867.65
1536100832, 29, 4, 5, 0, 0, 0.02%, 0, 0, 4, 866.98
1536100837, 31, 0, 5, 0, 0, 0.02%, 0, 0, 4, 868.82
1536100842, 32, 3, 5, 0, 0, 0.02%, 0, 0, 4, 870.13
1536100847, 33, 4, 5, 0, 0, 0.02%, 0, 0, 4, 867.00
1536100852, 35, 2, 5, 0, 0, 0.02%, 0, 0, 4, 869.76
1536100857, 36, 4, 5, 0, 0, 0.02%, 0, 0, 4, 859.97
1536100862, 38, 0, 5, 0, 0, 0.02%, 0, 0, 4, 868.98
1536100867, 39, 3, 5, 0, 0, 0.02%, 0, 0, 4, 870.67
1536100873, 41, 0, 5, 0, 0, 0.02%, 0, 0, 4, 872.26
1536100878, 42, 3, 5, 0, 0, 0.02%, 0, 0, 4, 871.66
1536100883, 44, 0, 5, 0, 0, 0.02%, 0, 0, 4, 869.92
1536100888, 45, 3, 5, 0, 0, 0.02%, 0, 0, 4, 869.12
1536100893, 46, 4, 5, 0, 0, 0.02%, 0, 0, 4, 869.30
1536100898, 48, 2, 5, 0, 0, 0.02%, 0, 0, 4, 869.83
1536100903, 49, 4, 5, 0, 0, 0.02%, 0, 0, 4, 869.98
1536100908, 51, 0, 5, 0, 0, 0.02%, 0, 0, 4, 867.85
1536100913, 52, 2, 5, 0, 0, 0.02%, 0, 0, 4, 861.42
1536100919, 53, 4, 5, 0, 0, 0.02%, 0, 0, 4, 862.31
1536100924, 55, 2, 5, 0, 0, 0.02%, 0, 0, 4, 866.11
1536100929, 56, 4, 5, 0, 0, 0.02%, 0, 0, 4, 869.32
1536100934, 58, 0, 5, 0, 0, 0.02%, 0, 0, 4, 870.44
1536100939, 59, 2, 5, 0, 0, 0.02%, 0, 0, 4, 870.68
1536100946, 60, 4, 5, 0, 0, 0.02%, 0, 0, 4, 78.42
1536100951, 62, 0, 5, 0, 0, 0.02%, 0, 0, 4, 871.00
1536100956, 63, 4, 5, 0, 0, 0.02%, 0, 0, 4, 871.91
1536100961, 65, 0, 5, 0, 0, 0.02%, 0, 0, 4, 870.14
1536100966, 66, 2, 5, 0, 0, 0.02%, 0, 0, 4, 869.16
1536100971, 67, 4, 5, 0, 0, 0.02%, 0, 0, 4, 871.74
1536100976, 69, 2, 5, 0, 0, 0.02%, 0, 0, 4, 864.46
1536100981, 70, 4, 5, 0, 0, 0.02%, 0, 0, 4, 869.22
1536100986, 72, 2, 5, 0, 0, 0.02%, 0, 0, 4, 869.83
1536100991, 73, 4, 5, 0, 0, 0.02%, 0, 0, 4, 870.80
1536100997, 75, 0, 5, 0, 0, 0.02%, 0, 0, 4, 868.96
1536101002, 76, 3, 5, 0, 0, 0.02%, 0, 0, 4, 866.46
1536101007, 77, 2, 5, 0, 0, 0.02%, 0, 0, 4, 855.51
1536101012, 78, 4, 5, 0, 0, 0.02%, 0, 0, 4, 864.51
1536101017, 80, 1, 5, 0, 0, 0.02%, 0, 0, 4, 867.03
1536101022, 81, 4, 5, 0, 0, 0.02%, 0, 0, 4, 865.34
1536101027, 83, 0, 5, 0, 0, 0.02%, 0, 0, 4, 864.27
1536101032, 84, 2, 5, 0, 0, 0.02%, 0, 0, 4, 866.00
1536101037, 85, 4, 5, 0, 0, 0.02%, 0, 0, 4, 843.35
1536101042, 87, 1, 5, 0, 0, 0.02%, 0, 0, 4, 861.39
1536101047, 88, 3, 5, 0, 0, 0.02%, 0, 0, 4, 867.90
1536101053, 89, 4, 5, 0, 0, 0.02%, 0, 0, 4, 867.09
1536101058, 91, 3, 5, 0, 0, 0.02%, 0, 0, 4, 870.04
1536101063, 92, 4, 5, 0, 0, 0.02%, 0, 0, 4, 868.73
1536101068, 93, 4, 5, 0, 0, 0.02%, 0, 0, 4, 860.32
1536101073, 95, 1, 5, 0, 0, 0.02%, 0, 0, 4, 865.72
1536101078, 96, 4, 5, 0, 0, 0.02%, 0, 0, 4, 868.99
1536101083, 98, 0, 5, 0, 0, 0.02%, 0, 0, 4, 867.31
1536101088, 99, 3, 5, 0, 0, 0.02%, 0, 0, 4, 864.18
1536101093, 100, 4, 5, 0, 0, 0.02%, 0, 0, 4, 645.68
1536101098, 101, 3, 5, 0, 0, 0.02%, 0, 0, 4, 232.63
1536101103, 103, 0, 5, 0, 0, 0.02%, 0, 0, 4, 731.72
1536101108, 104, 2, 5, 0, 0, 0.02%, 0, 0, 4, 796.09
1536101113, 105, 4, 5, 0, 0, 0.02%, 0, 0, 4, 829.99
1536101118, 107, 0, 5, 0, 0, 0.02%, 0, 0, 4, 852.54
1536101124, 108, 3, 5, 0, 0, 0.02%, 0, 0, 4, 818.13
1536101129, 110, 0, 5, 0, 0, 0.02%, 0, 0, 4, 855.94
1536101134, 111, 2, 5, 0, 0, 0.02%, 0, 0, 4, 836.07
1536101139, 112, 4, 5, 0, 0, 0.02%, 0, 0, 4, 861.55
1536101144, 114, 0, 5, 0, 0, 0.02%, 0, 0, 4, 860.68
1536101150, 115, 3, 5, 0, 0, 0.02%, 0, 0, 4, 866.09
1536101155, 116, 4, 5, 0, 0, 0.02%, 0, 0, 4, 835.01
1536101160, 118, 1, 5, 0, 0, 0.02%, 0, 0, 4, 858.59
1536101165, 119, 4, 5, 0, 0, 0.02%, 0, 0, 4, 864.26
1536101170, 121, 0, 5, 0, 0, 0.02%, 0, 0, 4, 865.11
1536101175, 122, 2, 5, 0, 0, 0.02%, 0, 0, 4, 867.31
1536101180, 123, 4, 5, 0, 0, 0.02%, 0, 0, 4, 867.17
1536101185, 125, 1, 5, 0, 0, 0.02%, 0, 0, 4, 840.11
1536101190, 126, 4, 5, 0, 0, 0.02%, 0, 0, 4, 863.47
1536101195, 128, 0, 5, 0, 0, 0.02%, 0, 0, 4, 864.64
1536101200, 129, 3, 5, 0, 0, 0.02%, 0, 0, 4, 864.76
1536101205, 131, 0, 5, 0, 0, 0.02%, 0, 0, 4, 865.16
1536101210, 132, 3, 5, 0, 0, 0.02%, 0, 0, 4, 863.73
1536101216, 133, 4, 5, 0, 0, 0.02%, 0, 0, 4, 837.13
1536101221, 135, 3, 5, 0, 0, 0.02%, 0, 0, 4, 861.08
1536101226, 136, 4, 5, 0, 0, 0.02%, 0, 0, 4, 862.23
1536101231, 138, 1, 5, 0, 0, 0.02%, 0, 0, 4, 864.91
1536101236, 139, 3, 5, 0, 0, 0.02%, 0, 0, 4, 864.22
1536101241, 140, 4, 5, 0, 0, 0.02%, 0, 0, 4, 865.81
1536101246, 142, 1, 5, 0, 0, 0.02%, 0, 0, 4, 845.89
1536101251, 143, 4, 5, 0, 0, 0.02%, 0, 0, 4, 860.07
1536101256, 145, 0, 5, 0, 0, 0.02%, 0, 0, 4, 860.55
1536101261, 146, 3, 5, 0, 0, 0.02%, 0, 0, 4, 862.30
1536101266, 147, 4, 5, 0, 0, 0.02%, 0, 0, 4, 861.62
1536101271, 149, 2, 5, 0, 0, 0.02%, 0, 0, 4, 861.55
1536101276, 150, 3, 5, 0, 0, 0.02%, 0, 0, 4, 839.80
1536101281, 152, 0, 5, 0, 0, 0.02%, 0, 0, 4, 854.99
1536101286, 153, 3, 5, 0, 0, 0.02%, 0, 0, 4, 856.83
1536101292, 154, 4, 5, 0, 0, 0.02%, 0, 0, 4, 859.89
1536101297, 156, 1, 5, 0, 0, 0.02%, 0, 0, 4, 857.99
1536101302, 157, 3, 5, 0, 0, 0.02%, 0, 0, 4, 859.94
1536101307, 158, 4, 5, 0, 0, 0.02%, 0, 0, 4, 847.65
1536101312, 160, 1, 5, 0, 0, 0.02%, 0, 0, 4, 861.53
1536101317, 161, 4, 5, 0, 0, 0.02%, 0, 0, 4, 861.27
1536101322, 163, 0, 5, 0, 0, 0.02%, 0, 0, 4, 862.36
1536101327, 164, 2, 5, 0, 0, 0.02%, 0, 0, 4, 861.75
1536101332, 165, 4, 5, 0, 0, 0.02%, 0, 0, 4, 859.90
1536101337, 167, 1, 5, 0, 0, 0.02%, 0, 0, 4, 851.23
1536101342, 168, 4, 5, 0, 0, 0.02%, 0, 0, 4, 856.49
1536101347, 170, 0, 5, 0, 0, 0.02%, 0, 0, 4, 860.48
1536101352, 171, 3, 5, 0, 0, 0.02%, 0, 0, 4, 859.25
1536101357, 173, 0, 5, 0, 0, 0.02%, 0, 0, 4, 855.08
1536101362, 174, 2, 5, 0, 0, 0.02%, 0, 0, 4, 785.55
1536101367, 175, 4, 5, 0, 0, 0.02%, 0, 0, 4, 761.22
1536101372, 177, 0, 5, 0, 0, 0.02%, 0, 0, 4, 733.43
1536101378, 178, 2, 5, 0, 0, 0.02%, 0, 0, 4, 709.13
1536101383, 179, 4, 5, 0, 0, 0.02%, 0, 0, 4, 785.81
1536101388, 180, 4, 5, 0, 0, 0.02%, 0, 0, 4, 807.56
1536101393, 181, 3, 5, 0, 0, 0.02%, 0, 0, 4, 91.37
1536101398, 182, 2, 5, 0, 0, 0.02%, 0, 0, 4, 448.78
1536101403, 183, 4, 5, 0, 0, 0.02%, 0, 0, 4, 808.94
1536101408, 185, 2, 5, 0, 0, 0.02%, 0, 0, 4, 890.09
1536101414, 186, 4, 5, 0, 0, 0.02%, 0, 0, 4, 887.58
1536101419, 188, 1, 5, 0, 0, 0.02%, 0, 0, 4, 756.16
1536101424, 189, 4, 5, 0, 0, 0.02%, 0, 0, 4, 858.33
1536101429, 190, 5, 7, 2, 1, 0.03%, 0, 0, 4, 897.54
1536101440, 190, 6, 8, 2, 1, 0.03%, 0, 0, 5, 907.33
1536101470, 190, 7, 8, 1, 1, 0.03%, 1, 0, 5, 906.58
1536101486, 191, 2, 8, 0, 0, 0.03%, 1, 0, 5, 879.10
1536101491, 191, 6, 8, 0, 0, 0.03%, 1, 0, 5, 901.06
1536101501, 191, 7, 8, 0, 0, 0.03%, 1, 0, 5, 907.46
1536101506, 192, 4, 8, 0, 0, 0.03%, 1, 0, 5, 905.94
1536101511, 192, 6, 8, 0, 0, 0.03%, 1, 0, 5, 907.29
1536101516, 192, 7, 8, 0, 0, 0.03%, 1, 0, 5, 873.99
1536101521, 193, 4, 8, 0, 0, 0.03%, 1, 0, 5, 899.33
1536101526, 193, 6, 8, 0, 0, 0.03%, 1, 0, 5, 903.66
1536101531, 193, 7, 8, 0, 0, 0.03%, 1, 0, 5, 906.29
1536101542, 194, 5, 8, 0, 0, 0.03%, 1, 0, 5, 871.02
1536101547, 194, 6, 8, 0, 0, 0.03%, 1, 0, 5, 867.73
1536101552, 194, 7, 8, 0, 0, 0.03%, 1, 0, 5, 891.09
1536101557, 195, 4, 8, 0, 0, 0.03%, 1, 0, 5, 860.16
1536101562, 195, 6, 8, 0, 0, 0.03%, 1, 0, 5, 879.79
